1928836
446716
278565
899982
182263
199076
220310
524488
399531
1948400
262492
275014
208724
187459
306316
457912
163594
269132
185660
322159
684886
234946
1152495
194381
473048
300782
1312003
188052
624282
292702
1398486
241501
556435
234033
251969
201332
185875
371210
182328
183041
351243
246438
1232046
187868
169171
178423
242268
436824
2834256
159528
253409
273273
253037
332668
189372
177735
242044
194363
208237
195560
201609
173283
308223
195287
578882
180459
162288
184820
299097
198214
139144
201009
287186
153225
203286
347862
1070407
148243
174172
119527
244924
372394
167609
185764
161029
9069321
222088
808561
194374
228909
165565
236754
154492
150235
312482
218180
189142
163659
231837
174322
125403
174733
258673
189482
266588
171549
135414
234112
326392
209595
166988
1004422
151169
213733
206772
206905
160064
184218
196906
251384
312540
315446
674191
389863
114647
196068
166381
824118
147896
230225
169493
156232
206929
185094
141974
152245
197996
168666
192480
181307
226371
188751
188891
182314
141147
132595
178654
370037
182290
140674
179598
6244877
132298
138812
174571
209038
149544
165479
250691
203430
135796
320432
172832
166806
141811
317340
147728
2490116
115390
164241
220058
199463
222219
230955
163761
182260
122711
236627
124224
386016
176403
282790
189803
292748
208155
151804
168359
164913
233263
131749
211458
1055970
296062
197135
135665
172733
168882
145486
245229
145899
480905
320127
147229
146717
217084
148844
216205
192822
248763
173254
160351
170930
154754
114334
321073
227294
146865
223554
148094
128696
160793
154184
174008
274609
158090
256464
865026
228930
169809
130661
2535385
213753
169033
166371
153314
117809
518849
136466
154184
242862
247617
255670
259057
145370
176143
184121
139741
262588
170530
160524
120010
362711
233517
140861
203974
263524
183083
189482
156004
221843
155365
197199
174252
180513
172096
177773
631823
136439
121004
155649
153348
180045
159912
146609
140836
173887
192610
127366
141664
569628
7086470
185081
154558
173752
151446
149680
147944
776692
196922
167360
121067
205203
143963
204586
152959
204922
162347
161928
166397
105788
109664
205234
308254
146241
280554
245797
251824
114501
141700
204901
153318
484169
1024806
884559
232994
144004
180096
254738
147275
159301
145527
203136
158957
172173
131234
215099
150577
137514
1738049
195829
169279
138060
1392419
280164
152855
184822
115009
152085
215726
135148
172534
145298
328945
176027
194651
720713
108987
236213
477671
766201
266714
141054
221736
136735
160317
170576
126335
138243
120103
140859
137372
156091
116129
185936
164102
133097
123395
156241
121388
123454
168602
279514
498877
378932
226895
135350
147864
143391
161002
155454
143644
217126
106603
214863
264413
151095
180338
124455
160608
1692620
163306
146268
161579
363701
182734
214514
132590
157901
148552
165237
